26,3
26,2
26,1
26,0
25,7
25,6
25,5
25,4
25,3
25,2
25,1
25,0
24,113
24,112
24,111
24,110
24,109
24,108
24,107
24,106
24,105
24,104
24,103
24,102
24,101
24,100
24,99
24,98
24,97
24,96
24,95
24,94
24,93
24,92
24,91
24,90
24,89
24,88
24,87
24,86
24,85
24,84
24,83
24,82
24,81
24,80
24,79
24,78
24,77
24,76
24,75
24,74
24,73
24,72
24,71
24,70
24,69
24,68
24,67
24,66
24,65
24,64
24,38
24,37
24,36
24,35
24,34
24,33
24,32
24,31
24,30
24,29
24,28
24,27
24,26
24,25
24,24
24,23
24,22
24,21
24,20
24,19
24,18
24,17
24,16
24,15
24,14
24,13
24,12
24,11
24,10
24,9
24,8
24,7
24,6
24,5
24,4
24,3
24,2
24,1
24,0
23,4
23,3
23,2
23,1
23,0
22,3
22,2
22,1
22,0
21,84
21,83
21,82
21,81
21,80
21,79
21,78
21,77
21,76
21,75
21,74
21,73
21,72
21,71
21,70
21,69
21,68
21,67
21,66
21,65
21,64
21,36
21,35
21,34
21,33
21,32
21,31
21,30
21,29
21,28
21,27
21,26
21,25
21,24
21,23
21,22
21,21
21,20
21,19
21,18
21,17
21,16
21,15
21,14
21,13
21,12
21,11
21,10
21,9
21,8
21,7
21,6
21,4
21,3
21,2
21,1
21,0
7,3
5,3
4,3
3,2
2,2
1,2
0,9
1,45
3,44
2,44
1,44
3,43
2,43
1,43
3,42
2,42
1,42
3,41
2,41
1,41
3,40
2,40
1,40
3,39
2,39
1,39
3,38
2,38
1,38
3,37
2,37
1,37
3,36
2,36
1,36
3,35
2,35
1,35
3,34
2,34
1,34
3,33
2,33
1,33
3,32
2,32
1,32
3,31
2,31
1,31
3,30
2,30
1,30
3,29
2,29
1,29
3,28
2,28
1,28
3,27
2,27
1,27
3,26
2,26
1,26
3,25
2,25
1,25
3,24
2,24
1,24
3,23
2,23
1,23
3,22
2,22
1,22
3,21
2,21
1,21
3,20
2,20
1,20
3,19
2,19
1,19
3,18
2,18
1,18
3,17
2,17
1,17
3,16
2,16
1,16
3,15
2,15
1,15
3,14
2,14
1,14
3,13
2,13
1,13
3,12
2,12
1,12
3,11
2,11
1,11
3,10
2,10
1,10
3,9
2,9
1,9
3,8
2,8
1,8
3,7
2,7
1,7
3,6
2,6
1,6
3,5
2,5
1,5
3,4
2,4
1,4
3,3
3,0
2,3
2,0
1,3
1,0
0,6
0,0
0,47
0,46
0,49
0,48
0,45
0,12
0,10
0,8
0,11
0,5
0,7
0,4
0,3
